 10 230 000 000 000 000 000 000 000 000 000 000 000 000 000 000 000 00  
 82 932 423 922 921 232 323 221 220 000 000 000 000 000 000 000 000 00  
 81 931 722 921 923 933 724 923 920 000 000 000 000 000 000 000 000 00  
 81 831 323 833 320 634 720 434 520 000 000 000 000 000 000 000 000 00  
134 733 821 820 721 623 624 524 423 321 320 422 932 220 000 000 000 00  
124 930 221 930 920 821 821 923 333 224 224 323 320 000 000 000 000 00  
114 231 721 822 923 823 720 520 321 223 224 420 000 000 000 000 000 00  
 41 931 722 921 920 000 000 000 000 000 000 000 000 000 000 000 000 00  
 43 932 822 323 220 000 000 000 000 000 000 000 000 000 000 000 000 00  
 41 932 822 321 220 000 000 000 000 000 000 000 000 000 000 000 000 00  
 62 832 324 730 420 734 420 000 000 000 000 000 000 000 000 000 000 00  
 42 732 320 534 520 000 000 000 000 000 000 000 000 000 000 000 000 00  
 62 231 221 322 322 221 120 000 000 000 000 000 000 000 000 000 000 00  
 20 534 520 000 000 000 000 000 000 000 000 000 000 000 000 000 000 00  
 51 231 322 322 221 220 000 000 000 000 000 000 000 000 000 000 000 00  
 24 930 220 000 000 000 000 000 000 000 000 000 000 000 000 000 000 00  
 91 930 820 321 223 224 324 823 921 920 000 000 000 000 000 000 000 00  
 51 832 922 221 233 220 000 000 000 000 000 000 000 000 000 000 000 00  
 70 831 923 924 824 720 224 220 000 000 000 000 000 000 000 000 000 00  
 90 934 921 623 624 524 323 221 220 320 000 000 000 000 000 000 000 00  
 43 233 920 424 420 000 000 000 000 000 000 000 000 000 000 000 000 00  
 94 930 920 623 624 524 323 221 220 320 000 000 000 000 000 000 000 00  
124 833 921 920 820 321 223 224 324 523 621 620 520 000 000 000 000 00  
 50 830 924 924 820 220 000 000 000 000 000 000 000 000 000 000 000 00  
173 931 920 820 721 623 624 524 323 221 220 320 521 623 634 724 823 92  
124 633 521 520 620 821 923 924 824 323 221 220 320 000 000 000 000 00  
102 831 821 722 722 821 431 322 322 421 420 000 000 000 000 000 000 00  
112 831 821 722 722 822 331 321 422 422 321 220 000 000 000 000 000 00  
 34 730 524 320 000 000 000 000 000 000 000 000 000 000 000 000 000 00  
 40 634 620 334 320 000 000 000 000 000 000 000 000 000 000 000 000 00  
 30 734 520 320 000 000 000 000 000 000 000 000 000 000 000 000 000 00  
110 831 923 924 824 722 522 422 331 223 222 320 000 000 000 000 000 00  
163 432 321 421 522 623 623 424 323 221 220 320 621 723 724 624 320 00  
 80 230 821 923 924 824 220 534 520 000 000 000 000 000 000 000 000 00  
113 634 524 323 220 220 923 924 824 723 620 620 000 000 000 000 000 00  
 84 833 921 920 820 321 223 224 320 000 000 000 000 000 000 000 000 00  
 70 930 223 224 324 823 920 920 000 000 000 000 000 000 000 000 000 00  
 64 930 920 224 220 633 620 000 000 000 000 000 000 000 000 000 000 00  
 54 930 920 220 633 620 000 000 000 000 000 000 000 000 000 000 000 00  
124 833 921 920 820 321 223 224 324 523 524 334 220 000 000 000 000 00  
 60 930 224 234 920 634 620 000 000 000 000 000 000 000 000 000 000 00  
 61 933 922 932 221 233 220 000 000 000 000 000 000 000 000 000 000 00  
 54 934 323 221 220 320 000 000 000 000 000 000 000 000 000 000 000 00  
 60 930 224 930 522 734 220 000 000 000 000 000 000 000 000 000 000 00  
 30 930 224 220 000 000 000 000 000 000 000 000 000 000 000 000 000 00  
 50 230 922 224 924 220 000 000 000 000 000 000 000 000 000 000 000 00  
 40 230 924 224 920 000 000 000 000 000 000 000 000 000 000 000 000 00  
113 931 920 820 321 223 224 324 823 924 932 720 000 000 000 000 000 00  
 70 230 923 924 824 723 620 620 000 000 000 000 000 000 000 000 000 00  
113 231 220 320 821 923 924 824 323 222 434 220 000 000 000 000 000 00  
 90 230 923 924 824 723 620 622 634 220 000 000 000 000 000 000 000 00  
124 833 921 920 820 721 623 624 524 323 221 220 320 000 000 000 000 00  
 40 934 922 932 220 000 000 000 000 000 000 000 000 000 000 000 000 00  
 60 930 321 223 224 324 920 000 000 000 000 000 000 000 000 000 000 00  
 30 932 224 920 000 000 000 000 000 000 000 000 000 000 000 000 000 00  
 50 931 222 823 224 920 000 000 000 000 000 000 000 000 000 000 000 00  
 40 934 220 234 920 000 000 000 000 000 000 000 000 000 000 000 000 00  
 50 932 624 922 632 220 000 000 000 000 000 000 000 000 000 000 000 00  
 60 934 920 224 221 633 520 000 000 000 000 000 000 000 000 000 000 00  
 43 931 921 223 220 000 000 000 000 000 000 000 000 000 000 000 000 00  
 20 934 220 000 000 000 000 000 000 000 000 000 000 000 000 000 000 00  
 41 933 923 221 220 000 000 000 000 000 000 000 000 000 000 000 000 00  
 51 732 923 722 932 220 000 000 000 000 000 000 000 000 000 000 000 00  
 52 630 522 420 535 520 000 000 000 000 000 000 000 000 000 000 000 00  
100 531 624 622 631 320 223 632 323 224 220 000 000 000 000 000 000 00  
140 632 623 523 422 521 520 420 321 222 223 323 423 334 220 000 000 00  
 80 930 222 223 323 522 621 620 520 000 000 000 000 000 000 000 000 00  
 83 532 621 620 520 321 222 223 320 000 000 000 000 000 000 000 000 00  
113 933 324 223 332 221 220 320 521 622 623 520 000 000 000 000 000 00  
100 433 423 522 621 620 520 321 222 223 320 000 000 000 000 000 000 00  
 52 931 821 220 632 620 000 000 000 000 000 000 000 000 000 000 000 00  
133 532 621 620 520 321 222 223 323 633 122 021 020 120 000 000 000 00  
 70 930 220 531 622 623 523 220 000 000 000 000 000 000 000 000 000 00  
 51 831 721 631 222 320 000 000 000 000 000 000 000 000 000 000 000 00  
 62 832 722 632 121 020 120 000 000 000 000 000 000 000 000 000 000 00  
 60 930 223 730 421 533 220 000 000 000 000 000 000 000 000 000 000 00  
 51 932 922 221 233 220 000 000 000 000 000 000 000 000 000 000 000 00  
100 630 220 531 622 522 222 533 624 524 220 000 000 000 000 000 000 00  
 70 630 220 531 622 623 523 220 000 000 000 000 000 000 000 000 000 00  
 91 630 520 321 222 223 323 522 621 620 000 000 000 000 000 000 000 00  
100 630 020 531 622 623 523 322 221 220 320 000 000 000 000 000 000 00  
103 532 621 620 520 321 222 223 323 633 020 000 000 000 000 000 000 00  
 60 631 521 221 532 623 520 000 000 000 000 000 000 000 000 000 000 00  
103 532 621 620 521 422 423 322 221 220 320 000 000 000 000 000 000 00  
 51 831 222 320 632 620 000 000 000 000 000 000 000 000 000 000 000 00  
 80 630 321 222 223 323 623 324 220 000 000 000 000 000 000 000 000 00  
 30 632 224 620 000 000 000 000 000 000 000 000 000 000 000 000 000 00  
 50 631 222 623 224 620 000 000 000 000 000 000 000 000 000 000 000 00  
 40 634 224 630 220 000 000 000 000 000 000 000 000 000 000 000 000 00  
 53 631 020 120 632 320 000 000 000 000 000 000 000 000 000 000 000 00  
 40 633 620 223 220 000 000 000 000 000 000 000 000 000 000 000 000 00  
 9410331022 922 721 622 522 323 224 220 000 000 000 000 000 000 000 00  
 22 932 220 000 000 000 000 000 000 000 000 000 000 000 000 000 000 00  
 9010311022 922 723 622 522 321 220 220 000 000 000 000 000 000 000 00  
 40 9311023 9241020 000 000 000 000 000 000 000 000 000 000 000 000 00  
 60 634 622 832 420 334 320 000 000 000 000 000 000 000 000 000 000 00 
